Построение первоначальной слабой кучи                                                                                                           
59                                                                                                                                              
        52                                                                                                                                      
    40         29                                                                                                                               
  87     16     30     86                                                                                                                       
 46   49   60   22   92   17   60   91                                                                                                          
____________________________________________________________________________________________________                                            
СуперРодитель 86 меньше потомка 91, меняем их местами                                                                                           
59                                                                                                                                              
        52                                                                                                                                      
    40         29                                                                                                                               
  87     16     30     91                                                                                                                       
 46   49   60   22   92   17   60   86                                                                                                          
____________________________________________________________________________________________________                                            
59                                                                                                                                              
        52                                                                                                                                      
    40         29                                                                                                                               
  87     16     30     91                                                                                                                       
 46   49   60   22   92   17   60   86                                                                                                          
____________________________________________________________________________________________________                                            
СуперРодитель 29 меньше потомка 60, меняем их местами                                                                                           
59                                                                                                                                              
        52                                                                                                                                      
    40         60                                                                                                                               
  87     16     30     91                                                                                                                       
 46   49   60   22   92   17   29   86                                                                                                          
____________________________________________________________________________________________________                                            
59                                                                                                                                              
        52                                                                                                                                      
    40         60                                                                                                                               
  87     16     30     91                                                                                                                       
 46   49   60   22   92   17   29   86                                                                                                          
____________________________________________________________________________________________________                                            
____________________________________________________________________________________________________  
59                                                                                                                                              
        52                                                                                                                                      
    40         60                                                                                                                               
  87     16     30     91                                                                                                                       
 46   49   60   22   92   17   29   86                                                                                                          
____________________________________________________________________________________________________                                            
____________________________________________________________________________________________________                                            
59                                                                                                                                              
        52                                                                                                                                      
    40         60                                                                                                                               
  87     16     30     91                                                                                                                       
 46   49   60   22   92   17   29   86                                                                                                          
____________________________________________________________________________________________________                                            
СуперРодитель 52 меньше потомка 92, меняем их местами                                                                                           
59                                                                                                                                              
        92                                                                                                                                      
    40         60                                                                                                                               
  87     16     30     91                                                                                                                       
 46   49   60   22   52   17   29   86                                                                                                          
____________________________________________________________________________________________________                                            
59                                                                                                                                              
        92                                                                                                                                      
    40         60                                                                                                                               
  87     16     30     91                                                                                                                       
 46   49   60   22   52   17   29   86                                                                                                          
____________________________________________________________________________________________________                                            
СуперРодитель 16 меньше потомка 22, меняем их местами                                                                                           
59                                                                                                                                              
        92                                                                                                                                      
    40         60                                                                                                                               
  87     22     30     91                                                                                                                       
 46   49   60   16   52   17   29   86    
